QGC WPL 110
0	1	0	16	0	0	0	0	-35.363261	149.165236	585.559998	1
1	0	3	16	0.00000000	0.00000000	0.00000000	0.00000000	-35.36425840	149.16759970	100.000000	1
2	0	3	16	0.00000000	0.00000000	0.00000000	0.00000000	-35.36441590	149.16062590	100.000000	1
3	0	3	16	0.00000000	0.00000000	0.00000000	0.00000000	-35.36305100	149.16131260	100.000000	1
QGC WPL 110
0	1	0	16	0	0	0	0	-35.363261	149.165236	585.559998	1
1	0	3	16	0.00000000	0.00000000	0.00000000	0.00000000	-35.36425840	149.16759970	100.000000	1
2	0	3	16	0.00000000	0.00000000	0.00000000	0.00000000	-35.36441590	149.16062590	100.000000	1
3	0	3	16	0.00000000	0.00000000	0.00000000	0.00000000	-35.36305100	149.16131260	100.000000	1
QGC WPL 110
0	1	0	16	0	0	0	0	-35.363261	149.165236	585.559998	1
1	0	3	16	0.00000000	0.00000000	0.00000000	0.00000000	-35.36425840	149.16759970	100.000000	1
2	0	3	16	0.00000000	0.00000000	0.00000000	0.00000000	-35.36441590	149.16062590	100.000000	1
3	0	3	16	0.00000000	0.00000000	0.00000000	0.00000000	-35.36305100	149.16131260	100.000000	1
